#Table1
type,ra,dec,psfMag_r,psfMagErr_r,extinction_r,clean
6,183.756460617973,32.0389266037839,15.70749,0.0116141,0.02991652,1
6,183.757682150763,31.962301542468,18.18539,0.01289638,0.03041194,1
6,183.7562006972,32.0099730644758,20.3382,0.02594848,0.02967588,1
6,183.757253809737,31.9685672047834,20.35392,0.02625336,0.0302475,1
6,183.758503785198,31.9941929495801,21.73775,0.07298892,0.02952171,1
6,183.756859979467,31.9077375393861,22.83482,0.1863339,0.03234947,1
6,183.871120393075,32.0142447895786,19.05344,0.01400591,0.02898622,1
6,183.872795975845,31.9522640302523,23.17751,0.2593077,0.03042412,1
6,183.872270561648,31.9517033542002,23.30576,0.3060997,0.03043715,1
6,183.869936610579,31.8664801125581,21.98368,0.08926495,0.03158405,1
6,183.872902231751,32.0284914353245,22.8567,0.189352,0.02894396,1
6,183.988621268917,31.8972238464785,22.66715,0.1598622,0.0298637,1
6,184.111672106044,31.9515715599924,21.68011,0.07377386,0.03508339,1
6,184.112007637628,31.986496090662,22.6708,0.16244,0.035523,1
6,183.758485506616,31.7828247753188,21.58731,0.07863689,0.03748946,1
6,183.757901379505,31.7946139430951,22.03668,0.1134646,0.03716567,1
6,183.871351433221,31.824639177751,22.41735,0.1550022,0.03281233,1
6,183.87231123679,31.8567516432581,20.40002,0.03580036,0.03159025,1
6,183.988895090058,31.8012843322148,22.31689,0.1658296,0.03420563,1
6,183.988941335268,31.8585922438704,19.80472,0.02978057,0.03039217,1
6,183.991177092931,31.8275103348698,22.49604,0.1635164,0.03222413,1
6,184.111908739854,31.7908475398557,21.69286,0.08255377,0.03689384,1
6,183.758731966215,32.2284530071724,22.67918,0.2040203,0.02733,1
6,183.759024268653,32.1169829316947,21.14197,0.0602946,0.02925769,1
6,183.757451996398,32.1648189026405,22.61587,0.1770516,0.0276961,1
6,183.873089534321,32.2084155322408,22.10759,0.1171262,0.03134439,1
6,183.988814777017,32.2446498255579,19.00093,0.01694027,0.03490289,1
6,183.989521086324,32.1852544548098,22.77135,0.2055715,0.03381847,1
6,184.110290433966,32.0909329080973,18.80083,0.01673164,0.03246344,1
6,184.11248454758,32.1781747064666,20.29563,0.0286083,0.03242332,1
6,184.111038490816,32.1469440513627,21.57288,0.07288378,0.0316937,1
6,184.111855829952,32.1893449305904,21.23749,0.05566186,0.03275789,1
6,184.110682814262,32.2352333623176,22.66555,0.187149,0.03460667,1
6,184.112837374678,31.9512071408306,20.97926,0.04552326,0.03509681,1
6,184.113093346039,31.775436014956,20.84024,0.04248757,0.0374742,1
6,184.112839471982,32.1806056297398,22.46459,0.1568127,0.03248546,1
6,183.775373580014,32.0063807180125,19.55614,0.01761956,0.02929799,1
6,184.008333973408,31.9446762009867,19.42714,0.01789675,0.03269013,1
6,184.006214197397,31.9383992009789,22.1397,0.1418614,0.03217783,1
6,184.005925847377,32.0469733310984,16.33963,0.01048814,0.03672302,1
6,184.008541718637,32.0483777970752,23.03525,0.2334776,0.03676738,1
6,183.888567081396,31.9697906984804,22.30338,0.1171195,0.03001571,1
6,183.889193744547,32.0055512721803,21.91551,0.08467887,0.02950734,1
6,184.005367559049,32.0109926418298,22.78296,0.176963,0.0362262,1
6,184.006225091241,32.0616192259045,22.72178,0.167905,0.03659404,1
6,184.120877473037,31.9438292634891,20.55952,0.03276293,0.03499274,1
6,184.121222197581,31.9551119955373,22.95653,0.2081162,0.03546182,1
6,183.890616355073,31.7866299839354,19.19447,0.02570524,0.03423171,1
6,183.890701093737,31.7830768894472,19.13026,0.02549994,0.03449348,1
6,183.775637192841,31.7694028637654,19.92909,0.03060943,0.03748874,1
6,183.890182785694,31.8430012738441,21.51161,0.07282306,0.03154974,1
6,184.005833090315,31.822513252194,18.62362,0.02546552,0.03284856,1
6,184.005527521896,31.8013257700715,22.62542,0.1822647,0.03457842,1
6,184.123298266056,31.77963007995,19.05862,0.02168578,0.03739742,1
6,183.774810590805,32.2127209289976,21.3736,0.1891918,0.02725044,1
6,183.774619319231,32.1453919753765,22.82632,0.2229488,0.02883053,1
6,183.889896122313,32.2337714223579,20.97101,0.04663099,0.03139078,1
6,183.776887122315,32.1629085555895,21.32446,0.05999373,0.02839243,1
6,183.88742802591,32.1115519678364,22.00039,0.1053774,0.03215382,1
6,183.775868008196,32.1162989033253,22.72015,0.1947142,0.02938959,1
6,184.008805665103,32.1449224782369,21.82166,0.08972054,0.03360141,1
6,184.007851767168,32.0890444949383,22.56258,0.1673788,0.03545013,1
6,184.007374287034,32.2047066341704,22.32155,0.1399878,0.03383942,1
6,184.121974276682,32.120365577997,16.16965,0.01459272,0.03145052,1
6,184.124076174963,32.1849396083631,21.69058,0.08079866,0.03238707,1
6,183.750051545162,32.0459492120798,22.74709,0.251398,0.03012049,1
6,183.752233840606,31.9453889578106,19.6221,0.01814188,0.03098933,1
6,183.751950249596,31.9979972286617,21.7818,0.07571897,0.02970113,1
6,183.752089344077,31.9168242616064,22.55977,0.1484864,0.03197936,1
6,183.750663021132,32.0580706991216,22.80069,0.1779787,0.03018565,1
6,183.877319915971,31.9470999309914,19.53946,0.0166878,0.03058742,1
6,184.002266742645,31.9857245212285,22.91686,0.23593,0.03480526,1
6,183.87779849078,32.0539003882134,21.0869,0.04341898,0.02970229,1
6,184.003581896117,31.9116803613014,20.48058,0.02787916,0.03070268,1
6,184.003093004459,32.0158508408144,20.21378,0.02578328,0.03640325,1
6,184.00185666832,32.0163143220152,21.28296,0.08338261,0.03637837,1
6,183.8795046095,31.9817340800103,21.34027,0.05253482,0.0296208,1
6,183.975915727063,31.8956139893866,20.79913,0.03459353,0.02966336,1
6,184.00306090085,31.9291601355257,22.89779,0.1951822,0.0314386,1
6,184.002105215669,31.8983670631565,22.62307,0.1544454,0.03013973,1
6,183.86004395224,31.7722321394623,16.27501,0.02324657,0.03558135,1
6,183.861183862939,31.790694316333,16.99996,0.02335553,0.034603,1
6,183.879269847912,31.8449066088214,19.48129,0.03275019,0.03174248,1
6,183.878933146498,31.8454153346524,20.44977,0.1263196,0.03172928,1
6,183.860228024364,31.8423447463923,19.88345,0.02875815,0.03253272,1
6,183.859952183869,31.8525303106932,22.52577,0.1691362,0.03225017,1
6,183.877225970607,31.7583112732074,21.58946,0.07729541,0.03618448,1
6,183.86165727004,31.8058367558821,22.71754,0.2010347,0.03387205,1
6,183.973452606785,31.8061970221192,21.76408,0.08854666,0.03340307,1
6,183.861227256263,32.1339556959482,19.0343,0.01969742,0.03188965,1
6,183.750868754489,32.2044960738154,21.65004,0.08479214,0.02726612,1
6,183.878819283189,32.0797747560731,22.50562,0.160786,0.03081102,1
6,183.860521612339,32.1730513030611,22.10187,0.116074,0.03164428,1
6,183.974241964532,32.1484039654363,17.278,0.01456436,0.03402006,1
6,183.975897806012,32.2409974761989,17.98827,0.01507463,0.03457665,1
6,183.974550219484,32.165181297591,20.02695,0.02455719,0.0340548,1
6,184.002497160603,32.2054862562336,22.80977,0.2133616,0.03385113,1
6,184.004494773228,31.9519323094327,18.15916,0.01162514,0.03306186,1
6,184.005279487053,32.0172836935285,21.7617,0.07864272,0.03657421,1
6,184.005155906906,31.8747737039828,22.60377,0.1517852,0.0300389,1
6,184.174367420293,32.0562184158819,17.65419,0.01579754,0.03125131,1
6,184.172590130612,32.0002636596029,21.40815,0.05739853,0.03374153,1
6,184.102516602197,31.9818131947226,21.84993,0.08124874,0.03604479,1
6,184.099945679662,32.0337126113223,22.64749,0.1705537,0.03514271,1
6,184.102347230384,31.9214411911591,22.77585,0.1842861,0.03367909,1
6,184.102095106977,31.9968257500105,22.39571,0.1282243,0.03576589,1
6,184.173589276739,32.0023716803961,22.68512,0.1657052,0.03361218,1
6,184.215609936195,31.9797805736202,21.83237,0.08234058,0.03481682,1
6,184.216789213038,31.965555285144,22.56684,0.1523373,0.03515213,1
6,184.217439677171,31.9268822906307,22.74001,0.1772334,0.03625034,1
6,184.003690912611,31.7775250444789,21.71272,0.08479487,0.03628208,1
6,184.101390534168,31.8153216540191,22.57198,0.1738268,0.03579169,1
6,184.172119975308,31.8182380126201,16.14463,0.01923721,0.03713881,1
6,184.102449638837,31.8245973487375,21.74729,0.08616515,0.0354025,1
6,184.17343996193,31.8628932347087,21.3427,0.06193937,0.03581382,1
6,184.171081318374,31.7872150309511,21.93746,0.1018662,0.03754199,1
6,184.173990767582,31.7976289513717,22.61478,0.181725,0.03741891,1
6,184.174198790879,31.8355794723927,22.31887,0.1400562,0.03662036,1
6,184.004815567699,32.1544941869976,19.70708,0.0212003,0.03355319,1
6,184.005158450242,32.1849927376071,20.26627,0.02810122,0.03357236,1
6,184.173656288859,32.1944849247428,20.11393,0.02530118,0.03161816,1
6,184.217208548064,32.198800983928,22.10403,0.1181275,0.03149391,1
6,184.099451765128,32.2056910314296,22.97827,0.3480793,0.03352714,1
6,184.100453085661,32.230932135571,21.67131,0.07957243,0.03461865,1
6,184.101672008922,32.1963609965857,21.70105,0.0814072,0.03316673,1
6,184.172002297209,32.1771113765968,20.30069,0.02806495,0.03117326,1
6,184.21690940294,32.1254315855017,21.5023,0.06932188,0.03019239,1
6,184.217344133553,32.1772373508579,22.1977,0.1259302,0.03094118,1
6,184.174292066998,32.1080415266239,22.45752,0.1558622,0.03030174,1
6,183.76477266172,32.0482977247708,19.11082,0.01521911,0.02980472,1
6,183.763142873958,31.8793125287292,20.12334,0.02290468,0.03404364,1
6,183.766274868392,31.9021911135393,22.77472,0.1769056,0.0327362,1
6,183.765875427645,31.9557240381446,22.9024,0.1964608,0.03049626,1
6,183.992007306827,31.9336279886797,19.59917,0.01707573,0.03147766,1
6,183.992835202429,31.8896389196848,21.21091,0.0473353,0.02965228,1
6,183.873518709631,31.9514194073528,21.39841,0.05632485,0.03045089,1
6,183.873285584237,32.0512249398057,21.11055,0.04418831,0.02956826,1
6,183.991608289963,32.0316413335481,21.06947,0.04260527,0.03646781,1
6,183.8755256172,31.90935974874,22.52287,0.1412591,0.03117067,1
6,183.875754915996,31.9834955379904,22.62631,0.1547358,0.02954786,1
6,183.874823279589,32.0661430613818,22.52559,0.1436686,0.03019009,1
6,183.991486252609,31.9597579326962,22.94991,0.2035828,0.033008,1
6,183.99307360962,31.8681652586232,22.34674,0.1213864,0.0300995,1
6,183.992655880534,32.0092567650101,22.87653,0.1916186,0.03557707,1
6,183.99415816174,32.0183917962371,22.64491,0.1575416,0.03617475,1
6,184.125172571925,32.0473460672082,17.27031,0.01559364,0.03326594,1
6,183.766220009966,31.7769487313051,21.73609,0.08839183,0.03748242,1
6,183.876210367191,31.7918550616385,23.03469,0.2719741,0.03422723,1
6,183.99421905448,31.8123455295662,19.93585,0.03090216,0.03343202,1
6,183.991708517093,31.7724548341624,22.68942,0.1917685,0.03656235,1
6,183.764657544807,32.1693341217633,21.88157,0.09456763,0.02770797,1
6,183.875664174126,32.2089543875391,21.14353,0.05310465,0.0314741,1
6,183.764990781144,32.2077884406638,22.59475,0.1760875,0.02726849,1
6,183.993184875571,32.1020480878639,21.68652,0.07921639,0.03483964,1
6,184.124956300057,32.1983455374211,18.23506,0.01565317,0.0327752,1
6,184.12603468663,32.1479655098763,19.9531,0.02381966,0.03136337,1
6,184.125337098128,32.1417052426868,20.23785,0.02767051,0.03125818,1
6,184.125158615386,32.17385073637,22.67545,0.1881766,0.03205794,1
6,184.12594327377,32.1528642496478,22.34679,0.1414574,0.03149199,1
6,184.127041962414,31.9435909846844,18.59041,0.01688383,0.03512694,1
6,184.127556774354,32.0205005769062,21.93467,0.08684813,0.03398209,1
6,183.784428012937,31.9974319735849,20.87302,0.03739257,0.029317,1
6,183.786304845241,31.9976735637208,22.70811,0.1687474,0.02929775,1
6,183.786377485074,31.9026341760631,21.70421,0.07119954,0.032826,1
6,183.7851861562,32.0519758323077,21.14362,0.0450908,0.02955737,1
6,183.787930453564,32.0474681338962,22.42334,0.1330453,0.02944039,1
6,184.012771406106,31.9336463776613,19.42725,0.01809965,0.03203189,1
6,184.014727269836,31.9297970920374,22.78143,0.2208678,0.03180067,1
6,183.897059460586,31.964037045419,22.09299,0.1103049,0.03021075,1
6,183.896452526146,31.8758995331367,22.82994,0.1823883,0.03051853,1
6,183.897033432466,31.9588759760892,22.27066,0.117617,0.030307,1
6,184.014053168168,31.9049285194098,22.87655,0.1921674,0.03058619,1
6,184.133145335673,31.8903505396453,22.82181,0.1881453,0.03411594,1
6,184.134267034988,31.9985196173971,22.91631,0.1999906,0.03427907,1
6,183.896803217941,31.818659021983,22.70885,0.1978163,0.03245047,1
6,184.014064075779,31.8229987909723,22.43024,0.1545225,0.03292391,1
6,184.015823651795,31.8013424819312,22.74607,0.2019066,0.03469206,1
6,184.132844211651,31.810959890628,19.30189,0.0226062,0.03683165,1
6,184.132064452078,31.7712884726465,22.49806,0.1637445,0.03777778,1
6,184.133490881816,31.8377406643891,22.72429,0.197929,0.03598323,1
6,183.787146321046,32.0811086779096,21.47122,0.06793115,0.02986082,1
6,183.787645852719,32.1518097390588,22.46321,0.1560574,0.02911514,1
6,184.013109803373,32.1046919412765,19.98727,0.02384207,0.03499658,1
6,184.134373939766,32.1379721674243,19.2476,0.01849796,0.03097261,1
6,184.133612455737,32.1185887302401,22.38138,0.1458258,0.03108762,1
6,184.134574852895,32.0444017740114,20.13382,0.02509292,0.03289412,1
6,184.134477528177,32.0166220689585,21.83581,0.0801426,0.03370385,1
6,184.134936597735,32.1964889588629,19.84135,0.02318923,0.03248384,1
6,184.135219481197,32.1642405018806,22.57897,0.1855959,0.03159929,1
6,183.778746230008,31.9817235108045,20.85006,0.0401984,0.02966917,1
6,183.777549519898,31.9582983013245,22.92723,0.2003602,0.03030468,1
6,184.022456776139,32.0139114911722,18.12827,0.01157566,0.0369147,1
6,183.898431720293,31.9146844384435,19.38374,0.01538237,0.0304891,1
6,183.900237096089,31.9979339839727,19.47173,0.01640412,0.02987877,1
6,184.020692694404,31.8688731991112,21.97796,0.08955358,0.03052223,1
6,184.022509497495,31.9829786805732,22.67903,0.1620548,0.03548979,1
6,184.136709197778,31.9376367001986,18.98469,0.01771242,0.03513303,1
6,183.900256333601,31.8132395615917,18.56642,0.02439377,0.03260703,1
6,183.899788894586,31.8647633289311,21.94066,0.1026748,0.03070459,1
6,183.898066851552,31.8307524995563,22.24648,0.1331358,0.03188356,1
6,184.020039242952,31.7933261384346,21.04258,0.05193113,0.03534894,1
6,184.023082379956,31.8408804322882,22.94535,0.2447296,0.03187076,1
6,184.020075450701,31.8206427544144,22.72386,0.1983127,0.03320419,1
6,183.779350141436,32.15195024726,18.55862,0.01850578,0.02881545,1
6,183.899249920125,32.1509550045443,20.73995,0.03957982,0.03322651,1
6,183.777458377184,32.1551545754442,22.04953,0.1091706,0.02866298,1
6,183.898570205802,32.1299583890548,20.51274,0.03411152,0.03286259,1
6,183.900183811912,32.0830686606565,21.66558,0.07953501,0.03116721,1
6,183.90108744789,32.221406850171,20.94481,0.04584634,0.03227017,1
6,184.022785222818,32.1235060097041,22.60813,0.175771,0.03412649,1
6,184.136484527169,32.1977997568754,21.39448,0.08721203,0.03248499,1
6,184.137861734317,31.9089397700856,22.29354,0.1200456,0.03454203,1
6,184.137647560416,31.9758543051498,22.33228,0.1324898,0.03522228,1
6,184.138664783798,31.8800313425003,21.63463,0.06954209,0.03430127,1
6,184.137338181023,32.0827219109534,19.57718,0.02090938,0.03153355,1
6,184.138985331969,32.2417239818301,20.03156,0.02484148,0.03388194,1
6,183.813105196529,31.8653458356281,19.43958,0.01695866,0.03376372,1
6,183.815040760268,31.934148252426,22.22498,0.1100395,0.03108104,1
6,183.815249991456,32.0570707840061,22.43412,0.1308559,0.02946322,1
6,183.930072248593,32.0729554189657,17.32751,0.01076617,0.03205594,1
6,183.929307297006,31.9614694591449,21.30828,0.05114838,0.0304098,1
6,184.16642557607,31.915043478212,22.83897,0.1913704,0.03543053,1
6,184.16593859996,32.0777531148047,20.95462,0.04052519,0.03072631,1
6,184.051398820712,31.9497937578987,22.67514,0.1626902,0.03456929,1
6,184.165466601114,32.0005233238646,22.38324,0.1297711,0.03382524,1
6,184.050580872419,31.8681937427168,22.73289,0.1721578,0.03123269,1
6,183.814577214398,31.856258325581,22.00944,0.1110281,0.03400261,1
6,183.814277187598,31.8571137498555,22.08492,0.120303,0.03398503,1
6,183.926777188104,31.8025636577858,20.68905,0.04212943,0.03326336,1
6,184.166833993945,31.8596905332078,20.09914,0.02867377,0.0355955,1
6,183.814596010823,32.1737212438222,19.40863,0.02129314,0.02927423,1
6,183.927842974727,32.2368363904419,17.76175,0.0148681,0.03275028,1
6,184.048795001772,32.0807169946899,20.78578,0.3175483,0.03549653,1
6,183.928721900663,32.2424051076932,20.19958,0.02722033,0.03281365,1
6,184.048648630365,32.1232975089874,22.78639,0.2047502,0.03374191,1
6,184.04946326262,32.1856092395556,22.45563,0.1566381,0.03320418,1
6,183.83290814006,31.9359881462428,22.01835,0.09228912,0.03097012,1
6,183.834292889478,31.9222503986568,20.74962,0.03723871,0.03143278,1
6,183.831633186466,31.8699404797195,22.42863,0.1300573,0.03299209,1
6,183.944510807175,31.8757717444345,20.259,0.02399798,0.02955766,1
6,183.944401063387,31.997318788833,22.28575,0.1159917,0.03186653,1
6,184.064927818405,31.9782442095015,19.60835,0.02054865,0.0364554,1
6,184.064868817933,32.010313838423,21.81382,0.0781681,0.0368441,1
6,184.174754257563,32.0631778977903,20.60413,0.03485031,0.03094064,1
6,184.176450060367,32.0495264062334,21.13691,0.04640392,0.03152564,1
6,184.065141927011,31.8799143134804,22.87093,0.1938481,0.03178896,1
6,184.175982546473,31.9711033614322,22.5954,0.1541924,0.03501702,1
6,184.066007182755,31.7758083108141,22.71416,0.1975561,0.03696758,1
6,184.177473205179,31.8151551085499,22.23832,0.1314157,0.0372192,1
6,183.832536696338,32.1271621835219,20.97322,0.0462467,0.03098245,1
6,183.833100549318,32.1307639163665,21.88478,0.09560759,0.03101008,1
6,183.833482057705,32.2238894240401,21.70101,0.08295389,0.02892815,1
6,183.943013162781,32.2069133830076,22.24381,0.1309933,0.0338909,1
6,184.17458943345,32.1348223164493,17.40622,0.01494725,0.03023146,1
6,184.17601548649,32.1224374805547,18.90689,0.01707081,0.0301388,1
6,184.175710976066,32.1253338235095,21.52323,0.07032974,0.03015829,1
6,184.17533494347,32.1280318518308,22.71628,0.1954058,0.03017766,1
6,184.176810857911,32.2021559937714,22.20694,0.1264415,0.03175779,1
6,183.806361818212,32.0579148920753,22.74322,0.1984148,0.02952509,1
6,183.808540332209,32.0534467123185,23.3601,0.3052393,0.02942552,1
6,183.807828966637,31.9162179220559,21.36281,0.05386829,0.03201895,1
6,183.920786209147,32.0598513530978,18.21552,0.01173304,0.03113513,1
6,183.920867612798,31.8743878997846,20.24108,0.02460401,0.02994395,1
6,183.922870952686,32.0138258994671,22.68914,0.1640594,0.03063984,1
6,184.042549562192,32.0056864280836,21.99525,0.09077728,0.03703859,1
6,184.044218538731,32.0101749053202,22.53827,0.1435715,0.03705652,1
6,183.807519881393,31.8428366903111,15.93834,0.02321295,0.03466624,1
6,183.805942557015,31.7671560349264,21.64014,0.08149053,0.03683103,1
6,183.807630434605,31.8602198592303,22.56737,0.1749152,0.03410417,1
6,183.921276354252,31.85264714165,18.09873,0.02492252,0.03054139,1
6,184.043129476082,31.8354546066031,20.27899,0.03535861,0.03274701,1
6,183.921456516684,31.762500344458,22.06348,0.1074364,0.03618689,1
6,184.041317342729,31.8228002818037,20.59099,0.03993735,0.03346403,1
6,184.043522515169,31.8571842701975,22.38401,0.1487009,0.03143315,1
6,184.15390330113,31.8558173265228,21.62344,0.07756712,0.03531103,1
6,183.80608679298,32.236664429783,21.71281,0.08386452,0.02760295,1
6,183.919665917728,32.2407199878062,18.55989,0.01593477,0.03240578,1
6,183.921909876178,32.1918447284383,19.36946,0.01885385,0.03363096,1
6,184.043064129933,32.205462272618,21.54612,0.0764066,0.03393601,1
6,183.921495038345,32.10209027835,22.61131,0.1767447,0.03253814,1
6,184.044457041321,32.1160496710141,22.78226,0.2035387,0.03416549,1
6,184.043511759536,32.2433496008177,22.51228,0.1660642,0.03580717,1
6,184.153396165,32.09825900046,18.47562,0.02397994,0.03073659,1
6,184.154015356516,32.2090128805634,18.47194,0.01603162,0.03232866,1
6,184.153632985355,32.1962091702953,22.47611,0.1593011,0.03199852,1
6,184.155023294312,32.0746149726955,18.69169,0.01703776,0.03118125,1
6,184.154748945829,31.9997562989062,22.68466,0.1650942,0.03400238,1
6,184.15480881157,31.8371925325469,22.25614,0.1383894,0.03622291,1
6,184.155000137851,31.849273364713,21.95994,0.1090813,0.0356672,1
6,184.156501969073,31.8405806965347,22.5666,0.17293,0.03609954,1
6,184.155917640252,32.2072983922126,22.6857,0.2005298,0.03221603,1
6,184.156222957489,32.0918210692841,22.28973,0.1345349,0.03075918,1
6,184.15483957058,32.1327209807803,22.77128,0.2047095,0.03039914,1
6,183.836398559011,31.8714818423629,22.87648,0.1902259,0.03277684,1
6,183.837833724784,31.9890752387687,22.44051,0.1322541,0.02925567,1
6,183.951603960651,31.9374298567181,16.41661,0.01036633,0.03060507,1
6,183.948600324409,31.8702657097951,21.36621,0.05308764,0.02965846,1
6,183.951621781904,31.8951616353576,21.89018,0.08660344,0.02967035,1
6,184.195639024346,32.0516047244118,20.94949,0.04071102,0.03158915,1
6,184.070249839711,32.0318122483749,22.50702,0.1396882,0.03680738,1
6,184.070237998611,32.0564707720296,21.91449,0.08429885,0.03594953,1
6,183.834839739903,31.8566996032025,17.97407,0.02373469,0.03323683,1
6,183.837239569718,31.8136359823262,22.76645,0.209835,0.03433479,1
6,183.951600059663,31.8127380470551,21.76951,0.09618027,0.03250501,1
6,183.949543857632,31.8474037325161,22.74969,0.2037183,0.03062979,1
6,183.951417518314,31.7586331781472,22.62627,0.1817783,0.03686072,1
6,183.835971906534,32.0806391546909,21.46143,0.06689703,0.03027583,1
6,183.950512183386,32.1865761698975,20.68196,0.03680409,0.03401555,1
6,183.950552349554,32.1212234377375,22.02976,0.1069791,0.03375496,1
6,184.07272338918,32.2087303215252,21.5003,0.0695191,0.03391843,1
6,184.072702682255,32.203564719196,22.1911,0.1250593,0.03373378,1
6,184.195531918879,32.0837592479725,19.33476,0.01881833,0.03055163,1
6,183.828520427059,32.0267717588694,21.31131,0.05160747,0.02874116,1
6,183.827666432504,31.9396168497176,22.75224,0.172447,0.0308599,1
6,183.82732370258,32.0217803713282,22.34369,0.1216741,0.02866043,1
6,183.82919878411,32.0123509877001,22.84438,0.1863059,0.02862234,1
6,183.945927365483,31.8989336125571,18.56802,0.01240798,0.02974452,1
6,183.947096916233,32.0495787800287,20.38005,0.02620366,0.0328224,1
6,183.945786101096,32.0046599456466,21.31816,0.05179172,0.03207484,1
6,183.945973091134,32.006679472889,21.35253,0.05323497,0.03213941,1
6,184.068585756672,31.8932742667977,19.98001,0.02362459,0.03188399,1
6,184.187524010884,31.9036159695755,20.93589,0.06035404,0.03591212,1
6,184.185178283615,31.9667096259814,21.82276,0.08058003,0.03512898,1
6,184.1849612681,32.029891410738,22.46106,0.1368259,0.03210902,1
6,183.830526861192,31.7643107956585,21.04066,0.05203133,0.03639102,1
6,183.946748967541,31.7568491462993,17.53908,0.02461324,0.03690718,1
6,183.944638996401,31.7870957334645,22.15682,0.1222224,0.03447701,1
6,183.9458796195,31.7528129693733,20.34038,0.03544984,0.03717538,1
6,184.067670103389,31.8342460917431,22.44919,0.1575493,0.03360007,1
6,184.069512228959,31.8143885614423,22.11088,0.118588,0.03484419,1
6,184.185114853113,31.772027802231,21.33112,0.06229998,0.03762762,1
6,184.187676675449,31.8189537769405,21.0656,0.04821684,0.03719189,1
6,184.187320739964,31.8581603836346,22.33184,0.1407382,0.0363941,1
6,183.828636881019,32.1105353533402,19.72155,0.02332304,0.03076809,1
6,183.829241872942,32.2169198503511,17.32946,0.0174127,0.02881209,1
6,183.828438114698,32.1396923549596,21.66289,0.07944035,0.03081604,1
6,183.828463079972,32.1510301514407,22.16748,0.1516503,0.03065711,1
6,183.830096717945,32.1436003313106,21.95226,0.1013599,0.03087239,1
6,183.946914368719,32.1965245865147,14.5969,0.01416241,0.03396972,1
6,183.945565404178,32.1940401234617,21.7724,0.09546069,0.03398488,1
6,184.068309531055,32.1690715512587,15.32577,0.01419596,0.03276147,1
6,183.947810874507,32.2343840549891,18.56503,0.01594378,0.03361479,1
6,184.069487942463,32.1926745382685,18.55764,0.01579589,0.03339365,1
6,183.944860834936,32.1121275409826,21.72932,0.08261836,0.03345236,1
6,183.947243418888,32.2372749725126,20.46261,0.03194444,0.03360013,1
6,183.946995705657,32.1565677975739,21.83965,0.09150489,0.03397338,1
6,184.185085851033,32.089706139706,22.28953,0.1374457,0.0303271,1
6,183.803874288559,31.9231792680134,16.13547,0.01167715,0.03163794,1
6,183.802979229458,32.0164570437227,22.82469,0.1829958,0.02884888,1
6,183.803955639766,31.9775253008324,22.85263,0.1876465,0.02959371,1
6,183.917590642864,31.980610947344,22.61549,0.1680803,0.03037744,1
6,183.916559821984,32.0270733303851,21.13891,0.04510897,0.0305385,1
6,184.037277739262,31.9035896437531,23.16188,0.2624868,0.03122344,1
6,184.03623117313,31.9029879904527,23.03497,0.248047,0.03118049,1
6,184.03488929072,32.014423680559,18.64555,0.01694158,0.03711306,1
6,184.034970151669,32.0578938861047,19.27453,0.01876295,0.03682093,1
6,184.034587938086,32.0096951475882,19.72182,0.02125729,0.03705134,1
6,184.035868571215,31.9172737481536,20.65796,0.03353367,0.03161259,1
6,184.036398701454,32.024770354467,21.96746,0.08852876,0.03719911,1
6,184.149864843415,31.8958278512349,22.41595,0.1335467,0.03480506,1
6,184.151368319031,31.9382761686335,20.68716,0.03455094,0.03545346,1
6,184.035273548762,31.7601870068151,16.7627,0.02446713,0.03760987,1
6,183.916653257247,31.7778623738707,19.29315,0.02686488,0.03501918,1
6,183.916174336941,31.8293842902766,21.69517,0.08483864,0.03149179,1
6,183.916748600599,31.80560191894,22.37605,0.1859668,0.03302728,1
6,183.917958796407,31.8020726352392,22.17942,0.1251858,0.03327346,1
6,183.802662580034,32.2100959673871,22.30255,0.1378745,0.02783047,1
6,183.804657964182,32.170280777732,22.08085,0.1130412,0.02911967,1
6,184.035441507252,32.2153352584047,14.85679,0.01417326,0.03434942,1
6,183.915978008715,32.0818672204131,18.76586,0.01634963,0.03136427,1
6,183.916068206139,32.0904409438353,22.1452,0.118096,0.03182888,1
6,184.03492104821,32.1434611623494,21.087,0.06009863,0.03329685,1
6,183.91841237843,32.1810629873746,22.74627,0.2013595,0.03364355,1
6,184.152666104115,32.0997234716244,13.65666,0.01447839,0.03073072,1
6,184.151111530176,32.1445120228231,21.96813,0.1023554,0.03076021,1
6,184.150597664522,32.1792130628176,22.69254,0.1916868,0.03166189,1
6,184.153021976735,31.8975216136652,22.80201,0.1853606,0.03492302,1
6,184.152797390541,31.9458949346823,22.92741,0.2047031,0.03566433,1
6,184.152832702245,32.0308108219102,22.91008,0.1984433,0.0324556,1
6,184.152982704015,32.1037166167835,21.71989,0.08665827,0.03066967,1
6,183.940360520035,31.9487282723694,17.52158,0.01089673,0.03053965,1
6,183.939406606022,31.9201529435692,21.63807,0.06664792,0.03004445,1
6,183.940598427644,31.9990559643795,19.89018,0.0196566,0.03164579,1
6,183.938265753528,31.8888127889478,22.85206,0.185895,0.02973784,1
6,183.939808933752,31.9963344992148,22.94536,0.2032751,0.03157823,1
6,184.182053473496,32.0036386162702,17.02935,0.01551174,0.03341632,1
6,184.05962610798,32.0075874408949,18.89955,0.01763879,0.03693335,1
6,184.183245902087,32.0006633452459,19.07327,0.01811538,0.0335621,1
6,184.061280919091,31.9693908344539,20.07358,0.02445964,0.03589415,1
6,184.060176749639,32.0180497434273,22.38643,0.1262289,0.03693183,1
6,184.060884779341,31.9455016672614,22.70366,0.1669395,0.03431498,1
6,183.824107157646,31.823775352592,20.12355,0.03207506,0.03457041,1
6,183.826087121309,31.7965125070653,22.35289,0.1475726,0.03524925,1
6,183.824691113706,31.7532745026962,21.8699,0.09770408,0.03701676,1
6,183.826498697419,31.8156649378137,22.70337,0.199009,0.03468871,1
6,183.938387487389,31.8129364836274,21.79325,0.09091891,0.03253749,1
6,184.183450412277,31.8476896866717,20.52077,0.03547101,0.03640809,1
6,184.181413525201,31.8186252908199,22.55622,0.1726517,0.03717405,1
6,183.826991024082,32.1691027584799,15.37858,0.01707987,0.02997567,1
6,183.82413521058,32.2091288648194,18.44231,0.01834768,0.02866677,1
6,183.826626986292,32.148765838567,22.36528,0.153362,0.03065266,1
6,183.825117143259,32.1444832991282,22.51404,0.1641608,0.03066554,1
6,184.059311163036,32.1566617851253,22.38589,0.1463347,0.0329648,1
6,183.818026748667,32.0315936270926,20.92768,0.03808584,0.02891061,1
6,183.819798558497,31.9695317088401,20.804,0.03524474,0.02981177,1
6,183.819507669864,31.9924379449966,21.85721,0.08543693,0.02914542,1
6,183.816704279784,32.0610315952486,22.97186,0.2064103,0.02953695,1
6,183.932083452479,32.0451905310483,18.68194,0.01588292,0.03174011,1
6,183.933142175973,32.0446980157123,20.00379,0.02441671,0.03180427,1
6,184.053069556226,31.930575919923,18.2693,0.01636562,0.03307164,1
6,184.167597427676,31.915494771594,21.79024,0.08149694,0.03546163,1
6,184.054774842753,31.9327391404217,21.49589,0.06107482,0.03326077,1
6,184.168997657365,31.9992449603659,22.69079,0.1805757,0.03384702,1
6,184.168411246231,32.0521816558649,21.66438,0.06960611,0.03141442,1
6,184.170483713814,31.8890415656362,22.02059,0.09838853,0.03546872,1
6,184.05312185716,32.0592376231107,22.09004,0.09751119,0.03646996,1
6,184.167838861211,32.0735306044442,21.97437,0.08948815,0.03079282,1
6,183.81762021826,31.8035918998896,17.27816,0.02342799,0.03534044,1
6,183.931463030286,31.8165645878542,21.37817,0.0697677,0.03230232,1
6,183.930923645898,31.7741754919654,20.84609,0.04587582,0.03536562,1
6,183.932723624438,31.8015116082335,21.44584,0.06938537,0.03334544,1
6,183.81841338326,32.1048257910894,18.71766,0.01870359,0.03038535,1
6,183.818787901215,32.157282009752,19.72469,0.02338494,0.03012782,1
6,183.931581886917,32.2292766320676,20.34731,0.03000943,0.0329789,1
6,183.931392475763,32.1869483808704,22.29914,0.1555338,0.03402319,1
6,184.053337357019,32.240954800523,20.28949,0.02867208,0.03566567,1
6,183.931411739754,32.1715436773456,22.1068,0.1155248,0.0339287,1
6,183.932947333741,32.2441387275403,22.52766,0.1684374,0.03300655,1
6,184.168428906334,32.0987926608829,20.66967,0.03635616,0.0304844,1
6,184.169486548227,32.1994103669254,21.65591,0.07889789,0.03179891,1
6,184.168600686746,32.1805563460096,22.55433,0.1704337,0.03133423,1
6,184.170716539605,31.9726277149151,22.68822,0.1665523,0.03498565,1
6,184.170487279873,32.1151860917443,21.39194,0.06304992,0.03024874,1
6,183.800470644123,32.059005014041,22.45013,0.1337461,0.02957844,1
6,183.799503104697,31.8991993926205,16.42381,0.01174378,0.03306816,1
6,183.800878235443,32.02292847395,22.5275,0.1470536,0.02884153,1
6,183.79983036392,32.0353601721197,22.13633,0.1017046,0.02910857,1
6,183.799168629425,31.9312706171111,22.24048,0.1116641,0.031225,1
6,183.799898039176,31.9145794952143,22.52811,0.1724914,0.03213864,1
6,183.915716712161,31.9810686883418,17.59396,0.01096332,0.03031882,1
6,183.914617042546,32.0401155260474,22.52475,0.1430166,0.03059172,1
6,183.912802364487,31.9139354005188,22.81296,0.1802775,0.0301582,1
6,184.161924549042,31.8876941434339,17.58595,0.0157746,0.0351864,1
6,184.038825608801,31.9061414806673,20.979,0.04151984,0.03132332,1
6,184.162637686871,32.0742803294191,21.17562,0.04744549,0.03093641,1
6,184.037440104264,31.9453700686621,21.77923,0.08187629,0.03379276,1
6,184.039468374943,31.9948425425203,22.09481,0.09877953,0.03659506,1
6,184.037710372017,31.9573398014503,22.69833,0.1655064,0.03468339,1
6,184.038760617042,31.8909297133688,22.97692,0.2104915,0.03102489,1
6,183.799319682213,31.8368540753772,22.47783,0.2220222,0.03505987,1
6,183.800026346426,31.7652798946467,22.52562,0.1709623,0.03705134,1
6,184.161854376671,31.8416123350674,16.42172,0.01926372,0.0361425,1
6,183.799862688232,32.2042401461473,22.53372,0.1750272,0.02778887,1
6,183.799382741114,32.1091731314932,21.99278,0.1044289,0.02988586,1
6,184.038244584816,32.1595713480563,21.19416,0.05363873,0.03316552,1
6,183.914268970402,32.1144919137066,21.62624,0.07610707,0.03274978,1
6,183.915319565588,32.2050370411469,20.08134,0.02541988,0.03310992,1
6,183.912858887122,32.2319314901937,22.68351,0.1925575,0.03234403,1
6,184.162237201195,32.1672406178648,18.46321,0.01601082,0.03108632,1
6,184.160652249185,32.2374372455028,22.78792,0.208619,0.03308864,1
6,184.1622412781,32.1565355080194,22.48066,0.1596284,0.03081559,1
6,184.16350724114,32.0261340480587,22.84007,0.1877027,0.03252485,1
6,184.163392085504,32.0871847366629,20.3947,0.03032806,0.03067134,1
6,183.82251084714,31.9147251250278,22.74472,0.1768798,0.03186792,1
6,183.934895281783,32.0717726719875,16.44018,0.01037668,0.0323626,1
6,183.935883478839,31.9663651007203,20.28277,0.02450666,0.03071443,1
6,183.936680885445,31.8940296742448,21.65129,0.06717409,0.02979192,1
6,183.934457287012,31.8930358249328,22.8351,0.1832666,0.02980645,1
6,184.057852381855,32.0090871172943,21.5667,0.06485388,0.03695048,1
6,184.058728786494,32.0278209429042,20.14116,0.02482125,0.03706273,1
6,184.057171789689,32.0573341077942,20.56136,0.03140532,0.03649964,1
6,184.05723040987,31.8808698067468,21.81767,0.07957497,0.03147148,1
6,184.178035134204,31.9906408630619,21.756,0.07598542,0.03420078,1
6,184.055932475543,31.9085758205795,22.43266,0.1331813,0.03187049,1
6,184.056119718549,32.0730219482478,22.61986,0.152436,0.03566044,1
6,184.179410526186,31.9446018084008,22.87294,0.1964244,0.03579691,1
6,183.820449795316,31.793889574349,19.0827,0.02540862,0.03552498,1
6,183.821716411838,31.7911840638768,22.03681,0.1138625,0.03556424,1
6,183.933921328764,31.7514421123483,21.82356,0.09278788,0.03712072,1
6,183.936476890793,31.827411761135,22.19374,0.1269136,0.03159162,1
6,184.056757055137,31.8203725027808,22.08236,0.1155239,0.03410505,1
6,183.934630353456,31.8205320939902,22.52654,0.1682668,0.03203112,1
6,184.056325793959,31.7712347680789,22.53493,0.1693327,0.03712867,1
6,183.820949240915,32.0964691205958,21.4004,0.06389948,0.0304223,1
6,184.058133606446,32.2233516063973,15.12382,0.01418554,0.03467948,1
6,184.05711375739,32.2217261851373,20.92549,0.04789999,0.03459121,1
6,184.05714852906,32.225860570701,21.12223,0.05244463,0.03481471,1
6,183.934231066757,32.1777552463971,22.72158,0.1968888,0.03398204,1
6,183.935953241336,32.135212721793,22.11189,0.1151996,0.033731,1
6,184.058122168546,32.2386239608907,20.35271,0.02978881,0.03552694,1
6,183.935025288576,32.1952758770251,22.3785,0.1470054,0.03393701,1
6,183.935424493437,32.1811623342339,22.64585,0.1846304,0.03401036,1
6,184.057705178813,32.1773820065906,22.72157,0.1966124,0.03296109,1
6,184.179363191013,32.1044284437579,21.92663,0.1002976,0.03028352,1
6,184.180821722549,32.0461393933694,17.22725,0.01558104,0.03165733,1
6,184.18082977842,32.0026869975053,22.82506,0.1927052,0.03348754,1
6,184.180218362876,32.0234970583651,18.44217,0.0166714,0.032388,1
6,184.181078817908,32.0435206636287,22.79819,0.1811847,0.03174375,1
6,184.181056066493,32.1480606752227,20.96991,0.04538221,0.03034234,1
6,183.840441886833,31.9971713474234,20.93924,0.04400254,0.02902283,1
6,183.840779716634,31.9963595541827,21.96584,0.1460991,0.02904717,1
6,183.952889862899,31.9805837207043,14.43045,0.01013187,0.03203904,1
6,183.952066337386,31.8865548943514,21.54549,0.06155338,0.02959232,1
6,183.953671480637,31.9524230568118,22.81505,0.1814772,0.03086961,1
6,183.953571552132,31.9636014791281,22.94303,0.2021821,0.03138277,1
6,184.189764194562,32.0634336086472,20.48923,0.03044219,0.03107738,1
6,184.074447827994,32.0487945124177,20.46822,0.02971201,0.03601306,1
6,184.191125717277,31.9010134645609,22.57619,0.1732595,0.03602483,1
6,184.190491014292,32.047058817086,21.15239,0.0470673,0.03168039,1
6,184.191886135981,31.9150697935204,21.72486,0.07503761,0.03597469,1
6,184.075017451725,31.908916658895,22.51903,0.1438455,0.03240529,1
6,183.839297119577,31.7738015950778,15.93674,0.02321298,0.03580387,1
6,183.838768182806,31.8110895847607,22.17679,0.1268824,0.03434798,1
6,183.954033699809,31.8596066096463,20.0624,0.0321078,0.03003183,1
6,183.951933188147,31.8187869190817,21.34431,0.06666923,0.03207711,1
6,184.074605653139,31.8152511310837,20.46125,0.03759248,0.03492668,1
6,183.954448863013,31.7747245578805,22.61087,0.1794121,0.0357265,1
6,183.953729662901,31.822691572614,21.48612,0.0714005,0.03188199,1
6,184.18973140885,31.7824404613886,19.73833,0.02527538,0.03749266,1
6,184.191575828232,31.7501351954707,22.74748,0.2042526,0.03786886,1
6,183.840003979109,32.1822502925673,18.86366,0.01920848,0.03003801,1
6,183.838786815765,32.1908677225628,22.68384,0.1917174,0.02967402,1
6,183.839676879545,32.1374301113349,22.67227,0.1882855,0.03128397,1
6,184.075704570804,32.2328718576288,15.23181,0.01419202,0.03510981,1
6,184.074259031828,32.1815489570565,19.93375,0.02350873,0.03304756,1
6,183.954579708479,32.2330500926006,22.47121,0.1602077,0.03390298,1
6,184.074861182679,32.1749767790284,20.63471,0.03552357,0.03287876,1
6,183.953075717767,32.107415847389,22.71848,0.19312,0.03374355,1
6,183.954506476068,32.2263523428028,22.73538,0.2009524,0.0338808,1
6,184.074648026448,32.1921760452912,22.69593,0.1931586,0.03334824,1
6,183.843817907115,31.8950383253892,19.62405,0.01807413,0.03221631,1
6,183.842741272628,32.0068419548682,21.02257,0.04156865,0.02881637,1
6,183.842701385865,32.041216411855,22.71325,0.1663906,0.02904378,1
6,183.957223561166,31.8675216324462,22.43991,0.1306084,0.02984004,1
6,183.957547002111,31.943545671237,22.89763,0.1944832,0.03085064,1
6,184.079010164195,31.9871128268919,21.8019,0.07777028,0.036851,1
6,184.080010425989,31.9826959281798,22.88894,0.1945049,0.03675338,1
6,184.080513023595,32.0474831944502,19.80615,0.02185598,0.03571853,1
6,184.077976763056,31.9974205082223,22.22557,0.1105959,0.03675427,1
6,184.080860934973,31.9115580473159,22.71746,0.1703736,0.03268215,1
6,184.199440774216,32.0312659131925,21.68545,0.07237434,0.03212284,1
6,183.957728925015,31.8651448841521,19.49781,0.02795614,0.02988787,1
6,184.079384951503,31.8021310574677,21.53253,0.07440644,0.03571823,1
6,184.198351975778,31.8409655003686,22.47537,0.1600996,0.03694443,1
6,183.844864976896,32.0972833623646,17.62053,0.01754327,0.03084464,1
6,183.842355233966,32.1428995201977,20.24595,0.02931812,0.0313499,1
6,183.956479041953,32.0963874261052,17.75472,0.01483756,0.03392869,1
6,183.957532358626,32.0774739012409,17.20502,0.01452651,0.03397049,1
6,183.957899390056,32.1706312378622,20.28641,0.02837797,0.03406189,1
6,183.958715822223,32.192981047919,19.95222,0.0237526,0.03395522,1
6,183.955566072856,32.1872282259055,21.79889,0.08906408,0.03399961,1
6,183.957346530131,32.1564070154102,22.59528,0.1755369,0.03403088,1
6,183.957645565049,32.2283723792006,22.20077,0.1266282,0.03402165,1
6,183.957713724875,32.2403008071651,22.55561,0.1724965,0.03406018,1
6,184.078239995728,32.1359024532023,22.40875,0.1484423,0.03266187,1
6,184.197994878583,32.1533229265643,20.45482,0.03171131,0.03033606,1
6,184.196511860253,32.1216555021428,22.4715,0.1583695,0.03011817,1
6,184.196769441822,32.1068317098327,21.99812,0.1048972,0.0300996,1
6,184.199099239009,32.1919661939569,22.5945,0.1773943,0.03122605,1
6,183.856465213881,32.0672073197514,15.16712,0.01017561,0.03012366,1
6,183.856998564688,32.0645134290541,20.12041,0.02250354,0.03000626,1
6,183.858497485264,31.9052403745109,16.8206,0.01049827,0.03182862,1
6,183.971522403262,31.9538468751004,19.04687,0.01395972,0.03174291,1
6,183.97053292084,32.0054147677383,20.55999,0.02942984,0.03411382,1
6,183.85736044805,31.9353249474888,20.12093,0.02223842,0.03093946,1
6,184.089992711399,31.887008271323,21.43048,0.05862233,0.03243654,1
6,184.088889679735,31.940117552386,22.42513,0.132406,0.03400672,1
6,184.088328005026,32.0167883374541,23.00139,0.2146309,0.03616534,1
6,184.091110115302,32.0562573487909,22.93101,0.1989426,0.0347776,1
6,184.206817494904,32.0340372967233,22.6328,0.15887,0.03214122,1
6,183.858695638832,31.8089128802617,19.06296,0.02543353,0.033798,1
6,184.089836171024,31.8604282691869,21.75973,0.08661097,0.03302814,1
6,183.857201860895,32.2489121974156,20.9776,0.04680878,0.02960048,1
6,183.856193209629,32.2091711028724,21.536,0.07237404,0.03034517,1
6,183.971773462714,32.1026748754594,14.97105,0.01417676,0.03436882,1
6,183.970167015451,32.1716473224297,21.69994,0.08151516,0.03408089,1
6,183.97178508406,32.1961831269926,21.87695,0.09529338,0.03388528,1
6,183.97048920926,32.1981035881881,22.62271,0.1679871,0.03387921,1
6,184.088397352635,32.1333968466228,19.48244,0.01966416,0.0323913,1
6,184.090574207099,32.0879554992139,21.87012,0.09303503,0.03357346,1
6,184.20552162369,32.1121662362684,21.74315,0.1254694,0.03010416,1
6,184.206686845949,32.1040049475002,21.14786,0.05183898,0.03023954,1
6,183.960803776975,31.9970860736665,15.06786,0.01016722,0.03302329,1
6,183.850929774464,31.9374510864742,18.96179,0.01383663,0.03087546,1
6,183.850502850967,31.9944227826623,19.94158,0.02027684,0.0291194,1
6,183.851558863705,31.9928554360077,21.5266,0.06581253,0.02916634,1
6,183.96163159116,31.9117630422138,15.36298,0.01019147,0.02999801,1
6,183.959725277984,31.9309039782848,19.3533,0.01543905,0.03061998,1
6,183.85104137277,31.8908092717392,19.72717,0.01811925,0.03215197,1
6,184.199486281111,31.8960773964979,14.10363,0.01519259,0.03628667,1
6,184.083956286097,31.9912599117924,19.21422,0.01856805,0.03660616,1
6,184.08336671848,32.0755264690791,19.37621,0.01918676,0.03444967,1
6,184.081208854097,32.0224629464856,21.22613,0.0491997,0.03638634,1
6,184.083506538761,31.9714382158883,22.13023,0.102382,0.03604192,1
6,184.082611406094,31.8831950071216,22.59574,0.154118,0.03231275,1
6,184.083414411766,31.9666162275263,22.7006,0.1663126,0.03573211,1
6,184.203016982987,32.0039037251565,18.93839,0.02094798,0.03351692,1
6,184.20017340484,32.0335714013256,22.45691,0.1368522,0.03208716,1
6,184.20258818899,31.9469186531164,22.49168,0.1432937,0.035649,1
6,183.84976052284,31.7632667312827,22.56157,0.1803647,0.03618959,1
6,183.962279633231,31.7989836164568,18.18834,0.02498185,0.03378638,1
6,183.959190018881,31.7957056913503,21.50697,0.07227829,0.03400916,1
6,183.961737294475,31.8479365907823,21.919,0.1009933,0.03064091,1
6,184.083644576296,31.809570971769,20.41695,0.0368744,0.03545706,1
6,184.084328985477,31.7608803280342,20.49045,0.03814289,0.03784562,1
6,184.084617540685,31.81212593316,20.88931,0.04747021,0.03536545,1
6,183.85106182057,32.2417564920627,15.56415,0.01709186,0.02945396,1
6,184.084662146687,32.1766960495092,18.38723,0.01557607,0.03287463,1
6,183.961128729485,32.2295725599468,20.26846,0.02681709,0.03410535,1
6,184.202651456693,32.1057181382528,18.20499,0.01561064,0.03013677,1
6,184.202517890129,32.1636047099084,22.3402,0.1420899,0.03057328,1
6,184.017039530853,31.9363257183108,22.42856,0.1700983,0.03236923,1
6,183.978082636627,31.918831586121,16.63022,0.01042924,0.03059483,1
6,183.980439891248,31.9222181813764,20.8371,0.03567496,0.03078488,1
6,184.016365484743,32.0181650582852,22.51299,0.1490986,0.03683567,1
6,184.018759477107,31.9721730269277,21.40833,0.05553129,0.03482762,1
6,184.018998524297,32.0332760256355,20.23679,0.02308195,0.0369257,1
6,183.977855914666,31.9992981893143,22.84119,0.1861259,0.03430624,1
6,184.097892063467,31.9715742739959,16.98487,0.01549328,0.03607407,1
6,184.097113615895,31.9451983938024,22.79987,0.1821004,0.03437291,1
6,184.098470297397,31.9908179859823,22.3197,0.1202822,0.03602918,1
6,183.978789341888,31.8287561285518,17.57619,0.02459898,0.03187765,1
6,183.980057586448,31.8018706224938,21.86062,0.09574473,0.03393871,1
6,183.977365605494,31.7640860407285,22.56374,0.172331,0.03705467,1
6,183.978724105464,31.8556946976966,22.26875,0.1353296,0.03038339,1
6,184.018389106419,31.7903326835431,22.67901,0.1905804,0.03554936,1
6,183.978226050305,32.170027113859,16.54295,0.0143394,0.0340139,1
6,183.979061254029,32.1030280706367,18.659,0.01607821,0.03454578,1
6,183.978450708505,32.1562989607808,20.5973,0.03449924,0.03397432,1
6,183.979463662128,32.179915229343,22.29981,0.1366528,0.03397511,1
6,183.978331436139,32.183924744117,22.62788,0.1817019,0.03394587,1
6,184.017697757797,32.209126692615,22.58111,0.1753877,0.03406636,1
6,184.096248393994,32.116909447649,22.7878,0.2056659,0.03224758,1
6,183.965198008486,31.9781799598907,17.21349,0.01069435,0.03261077,1
6,183.847327504167,31.9324669479411,22.44594,0.1326243,0.03104973,1
6,183.848173717999,31.9649800535965,22.67483,0.1608266,0.02995488,1
6,183.962869773001,32.0178256242245,22.70674,0.1664296,0.03379403,1
6,184.087762502105,31.8905080808772,22.89167,0.1979752,0.03235929,1
6,184.208892425834,31.9024097239074,19.63623,0.0237453,0.03640021,1
6,184.207875458042,31.8978298575271,20.89677,0.04560616,0.03644549,1
6,184.208649890691,31.8796262638979,21.41351,0.05959115,0.03682983,1
6,183.846593773773,31.7934401539488,22.42397,0.1564318,0.03474027,1
6,183.847804221932,31.7535090528846,22.22856,0.1314701,0.03671939,1
6,183.963311176104,31.7871099012629,20.2412,0.0349346,0.03484212,1
6,183.96491730937,31.7881170077309,22.7153,0.2202536,0.03478892,1
6,183.963069926702,31.8058937196309,22.55066,0.1709046,0.03319169,1
6,183.963940251179,31.849555220226,21.96954,0.1053319,0.03056669,1
6,183.964911363966,31.8436277580565,21.16739,0.0566939,0.03086676,1
6,183.962764305013,31.8298053079827,22.49953,0.1640344,0.03155317,1
6,183.963425816288,31.7935630586639,22.43043,0.1540729,0.03428581,1
6,184.208023971804,31.8633089462283,20.72922,0.04109879,0.036979,1
6,183.846190485567,32.2157699771383,18.21593,0.01804571,0.02960471,1
6,183.963346768744,32.1756639023924,21.80551,0.08210982,0.03406417,1
6,183.96576158976,32.2108461415332,22.05481,0.1112342,0.03383562,1
6,183.965698289053,32.2444572444494,21.71138,0.0834122,0.03441256,1
6,184.086115059953,32.1218983239562,20.74991,0.03807591,0.03249693,1
6,183.962894690886,32.2169300978209,22.43849,0.1552624,0.03382664,1
6,184.207666116241,32.199517427895,17.67424,0.01511984,0.0314331,1
6,184.086818465883,32.2147755728914,19.09499,0.01772888,0.03405485,1
6,184.209256016424,32.0815815192701,22.2972,0.1351079,0.03086973,1
6,184.210027464472,31.8979034574777,18.8192,0.02077774,0.03648647,1
6,184.210158865983,31.9793893149307,21.71341,0.07480409,0.03476193,1
6,184.210231235455,31.8439535249091,22.70484,0.1828755,0.03717386,1
6,184.210360121571,32.2040031951092,22.18008,0.1241552,0.03160369,1
6,183.85585660699,31.9481165229705,20.52328,0.03043072,0.03050448,1
6,183.967702876778,32.01034346472,22.82326,0.190755,0.03401998,1
6,183.966432762333,32.0015528148733,22.37859,0.1255818,0.03363627,1
6,183.967734127108,31.9566745253588,22.63809,0.1562763,0.03170566,1
6,184.092284149819,31.8902847678584,18.44174,0.01663063,0.03249585,1
6,184.092218137339,32.0103662143459,17.3106,0.01561253,0.03603977,1
6,184.092003640427,32.0739753520898,19.8023,0.0217967,0.0340424,1
6,184.094829377641,31.9726417387766,22.13237,0.1040336,0.03613689,1
6,184.093745428731,32.0533221310188,22.52814,0.1417011,0.03474422,1
6,183.853606149896,31.7629794632835,18.55668,0.02421846,0.03615023,1
6,183.855488623072,31.8119205386237,22.45546,0.1607008,0.0337356,1
6,183.852325434701,31.7839875298583,22.57859,0.1782079,0.03509938,1
6,183.855431302415,31.8252778659124,22.55797,0.1750564,0.0332529,1
6,183.968995078198,31.8580801375129,22.25344,0.1567131,0.03020392,1
6,183.966627134007,31.8011703994721,19.31669,0.02712876,0.03368952,1
6,183.967755677819,31.8302364202317,21.95697,0.1038745,0.03154699,1
6,183.96910787583,31.8499276341272,21.96967,0.1279863,0.03056369,1
6,183.966489938719,31.7929221586193,22.73996,0.2004804,0.03440721,1
6,183.966439474289,31.8474286723335,22.5747,0.1753981,0.03068083,1
6,184.211252217119,31.8287903076305,19.37521,0.0229573,0.03734815,1
6,184.092213726692,31.814734403158,20.66024,0.03854888,0.03548554,1
6,184.210678023489,31.8084571561408,22.5921,0.1786108,0.0374388,1
6,183.853445858562,32.084971785918,17.7947,0.01764787,0.03070967,1
6,183.853539170524,32.0803130970587,22.60313,0.1754031,0.03056368,1
6,183.966659535172,32.1217650878546,22.44179,0.1567113,0.03418759,1
6,183.968313258332,32.2383583085493,22.7612,0.2294793,0.03439923,1
6,184.094819725719,32.2454495773253,20.86445,0.0382747,0.03551866,1
6,184.211260323774,32.2135975961151,21.51501,0.07050559,0.03195561,1
6,184.213738683108,31.883023171484,19.14315,0.02155549,0.03686705,1
6,184.21411797641,31.8928262944902,22.5885,0.1761767,0.03665533,1
6,184.213282399348,31.8921701319075,22.81726,0.1893783,0.03665216,1
6,184.213746120298,32.0667121802638,19.96255,0.02541835,0.03141073,1
6,184.213434205967,31.8196458661415,19.03614,0.02138748,0.03745572,1
6,183.781801121376,31.9506702873441,18.57076,0.01359596,0.03047274,1
6,183.783923199036,31.8731939559502,22.67517,0.161807,0.03446285,1
6,184.010880895991,31.9431166141976,20.87471,0.1452449,0.03266264,1
6,184.011969266933,32.0299403643513,20.36679,0.02586961,0.03680159,1
6,183.89342215998,31.9820096879401,22.11579,0.1000613,0.02973733,1
6,183.892735119381,32.0369677799038,22.25261,0.1133307,0.02934644,1
6,184.13057088925,31.915563511714,22.95807,0.2118779,0.0344143,1
6,184.129323338174,31.9082091093623,18.34241,0.01648984,0.03421109,1
6,184.130134301729,31.980202807556,22.42914,0.1327718,0.03516513,1
6,184.130545009159,31.9942685080741,22.93925,0.2039044,0.03452865,1
6,183.781779309391,31.7506724294706,17.85111,0.02366513,0.03761072,1
6,183.892445091496,31.7850927872459,22.6461,0.2037013,0.03435497,1
6,183.892696221149,31.798583582499,20.43802,0.03695408,0.03347334,1
6,183.783948487666,31.8635013333873,22.26687,0.13516,0.0347599,1
6,184.011610188983,31.842079459674,23.16256,0.3906482,0.03159796,1
6,183.781508677531,32.2210263790812,21.55014,0.2238882,0.02733178,1
6,183.783085309907,32.2092775696051,22.31582,0.1597398,0.02725318,1
6,183.891115080963,32.1395713416198,14.40722,0.01704568,0.03280981,1
6,183.784076048189,32.2408961948212,18.79804,0.01907595,0.02757666,1
6,184.009808010793,32.1252736190969,17.71879,0.01481397,0.03417378,1
6,184.012290204697,32.1305010685806,19.94894,0.02350004,0.03397226,1
6,184.232700096659,32.2311879483913,21.6271,0.08895319,0.03263257,1
6,184.233753304444,32.2051260171698,21.23576,0.05634308,0.03181339,1
6,184.235594997074,31.9707583472691,15.13693,0.01892556,0.03556976,1
6,184.235447261335,31.9120474441933,19.27981,0.02203508,0.03657866,1
6,184.234807403681,32.0682534943503,19.95429,0.02578758,0.03180368,1
6,184.234964735869,32.2371739957884,21.59665,0.07632067,0.03276465,1
6,184.235652095268,32.1876674991317,22.60322,0.1796236,0.03130242,1
6,183.766909299068,32.0435043056221,22.69313,0.1630678,0.02968878,1
6,183.768638280708,32.0352483216587,21.65815,0.06807854,0.02953362,1
6,183.769600816431,31.8859500635162,22.79121,0.1792255,0.03369576,1
6,183.998685561142,31.9839233520207,20.23263,0.02380661,0.0345494,1
6,183.884483784334,32.0264971199597,21.55959,0.06313573,0.02897028,1
6,183.88639376555,32.0465173186374,22.08084,0.09791017,0.02946935,1
6,183.999753453941,31.9243761446408,21.51847,0.06075555,0.03118277,1
6,184.000895793015,32.0542180892951,22.64963,0.1580192,0.03645433,1
6,184.117130269153,32.0555191937406,18.42213,0.01656705,0.03337087,1
6,184.119261901397,31.9411534561471,22.51024,0.1513896,0.03485186,1
6,184.117305757094,31.9829140613649,22.91445,0.1997544,0.03536791,1
6,184.230113909322,31.9573408008321,20.2028,0.02988036,0.03570311,1
6,184.229768633378,32.0483540518294,22.34231,0.1236992,0.03250108,1
6,183.768919372713,31.7551689814228,21.19846,0.05823994,0.03766109,1
6,184.001163270696,31.8642980363062,17.50529,0.02460377,0.03039692,1
6,183.998467132433,31.7847181333789,22.20361,0.1271152,0.03574995,1
6,184.118829079884,31.8213063650947,22.39203,0.1491219,0.03629025,1
6,184.119470932728,31.7675130529365,22.81322,0.214074,0.03781443,1
6,183.768980522118,32.1481179848041,19.83763,0.02424957,0.02860773,1
6,183.76990999098,32.1257044161309,22.72387,0.1948436,0.02907888,1
6,183.886567140636,32.114109881555,21.13243,0.05204771,0.03221887,1
6,183.886819956981,32.1339633844005,20.36098,0.03123906,0.03259818,1
6,183.999248030574,32.2026802228354,16.53568,0.01433973,0.03371,1
6,183.999501573504,32.1540435526664,21.67823,0.1044398,0.03366346,1
6,184.229128058162,32.2223742704262,22.39375,0.1498175,0.03234943,1
6,184.232590174042,31.8975190202124,22.09608,0.1030404,0.03685637,1
6,184.231904662266,32.2355710507869,22.19248,0.1496998,0.03273868,1
6,184.2325601576,32.1479628079602,20.46586,0.03211278,0.03042743,1
6,184.231988833374,32.0832693043349,22.42794,0.1511415,0.03117876,1
6,183.811161395721,32.0399117847802,22.87692,0.1909871,0.02913232,1
6,183.925179718421,31.9705712459665,20.91695,0.03782167,0.03044759,1
6,183.926324597941,32.0572392791143,22.95311,0.2059906,0.03148409,1
6,184.048162758968,32.0208200452553,18.72423,0.01757246,0.03713661,1
6,184.159837273614,31.8740573213015,16.00206,0.01529979,0.03517941,1
6,184.046801118931,31.9245568980647,20.92599,0.04000401,0.03249317,1
6,184.046999152946,31.9170000462578,21.38445,0.05604112,0.03202,1
6,184.048075946702,31.9197048136417,20.08748,0.02475033,0.03222034,1
6,184.048167813668,31.9495585818159,22.42014,0.130955,0.03449973,1
6,184.159169050114,32.0578550654319,21.92466,0.0859209,0.03150714,1
6,183.811022936741,31.7536848417744,22.59858,0.1813302,0.0371966,1
6,183.926211475331,31.7924097832342,17.5114,0.02460476,0.0339903,1
6,184.044854210299,31.8362260515387,18.17198,0.02501052,0.03275494,1
6,183.925692306244,31.8311343219451,21.36408,0.06536919,0.03137161,1
6,183.926422310073,31.8564840030803,22.71568,0.1987626,0.03029662,1
6,184.159451936296,31.84390326083,21.11954,0.05020835,0.03599895,1
6,184.156875874483,31.8361974633622,20.5871,0.03693659,0.036294,1
6,184.158055952829,31.8330973414934,22.5256,0.1673609,0.03643698,1
6,184.247990995504,31.8250303724242,21.90817,0.09929726,0.03817034,1
6,184.248366542752,31.8081889638852,21.44449,0.06812122,0.03821929,1
6,183.809528480631,32.2274895139117,22.19436,0.1261259,0.02788097,1
6,183.811651985418,32.1645181316346,22.44947,0.1553127,0.02960031,1
6,183.92593093938,32.0904815496757,18.00184,0.01505807,0.03218457,1
6,184.047437175837,32.0796371318935,18.35055,0.01561653,0.03557589,1
6,184.047147809633,32.1426604063718,18.94868,0.01690909,0.03320632,1
6,183.924255618252,32.1385113210702,19.2234,0.01802062,0.03358097,1
6,183.925917643186,32.1961223127855,22.3664,0.1455227,0.03364544,1
6,184.047334088355,32.1618257623568,20.59669,0.03416808,0.03306324,1
6,184.046386741538,32.2487769013168,21.57063,0.0740521,0.0361352,1
6,184.247979224477,32.1990852906037,19.2663,0.01858863,0.03171222,1
6,184.249045101533,32.0405415858275,20.58496,0.03310148,0.03343377,1
6,184.249640602956,31.9595864751569,22.01636,0.09595499,0.03625294,1
6,184.248755044141,32.1005031044805,22.38315,0.1460784,0.03117411,1
6,183.760833301935,31.8740667623736,21.78736,0.07647286,0.03432891,1
6,183.759571973407,32.0647679814389,21.18125,0.04626931,0.03003707,1
6,183.761144786662,31.9357216168267,22.78977,0.1790492,0.03119655,1
6,183.982067311074,31.8984867153775,17.38549,0.01081779,0.02979729,1
6,183.868302220071,31.9037254852442,22.87946,0.1913818,0.03143843,1
6,183.980697904742,31.8733170707323,19.87786,0.0194151,0.02995581,1
6,183.982503417517,31.9409774731016,22.30691,0.1177593,0.03159765,1
6,183.867390652972,32.0313898013099,22.8572,0.1894021,0.02896674,1
6,183.981118050759,31.9437055811447,22.89725,0.1991486,0.03167579,1
6,184.223659938763,31.9342440965941,18.44596,0.02001383,0.03617364,1
6,184.224972370839,32.0294040374184,22.5127,0.1438463,0.03302309,1
6,183.762348903515,31.7561719577904,18.94394,0.02503951,0.03768839,1
6,183.867756697795,31.7636210007945,19.88837,0.02956582,0.03590881,1
6,183.760655121073,31.7984682324881,21.73847,0.08865261,0.03699447,1
6,183.760872920649,31.7695606715727,22.38687,0.1523833,0.03772188,1
6,183.981440667683,31.8570605791296,19.36055,0.0273251,0.03036758,1
6,184.108900889728,31.7687616972836,17.82622,0.01973611,0.03769344,1
6,184.109968372559,31.7939541849278,20.71031,0.03982884,0.03680066,1
6,184.223684609844,31.8168431889906,21.94171,0.1023264,0.0376438,1
6,183.760014781579,32.1175459044451,18.70851,0.01895447,0.02924634,1
6,183.868273945689,32.229173751263,21.18249,0.05666027,0.03051199,1
6,183.867647553006,32.2278224848386,22.67297,0.1959956,0.03051761,1
6,183.867461799947,32.0896127504835,20.22174,0.02877859,0.03114676,1
6,183.983896074534,32.1411408635241,18.77487,0.01638919,0.03401735,1
6,183.980897249909,32.1846665807896,22.21342,0.1307381,0.03392854,1
6,183.984077815316,32.1866875279133,21.98736,0.1059002,0.03389684,1
6,183.981924348939,32.1560831877375,21.33779,0.0601842,0.03393537,1
6,183.983629006903,32.2387399869024,20.71069,0.0378031,0.03465796,1
6,184.108558112369,32.1648807423504,20.63037,0.03534476,0.03212763,1
6,184.224341934748,32.1875432840925,20.85866,0.042104,0.03120934,1
6,184.107550768756,32.0881684956031,22.28982,0.1337494,0.03270463,1
6,183.755755869746,32.0271736259364,19.79446,0.01945148,0.02988244,1
6,183.752431616785,31.8767171673692,22.34546,0.1227576,0.03416417,1
6,183.752667369081,31.8905919655033,20.72605,0.03360758,0.03336428,1
6,183.753472411577,32.0507211303251,22.66645,0.1591005,0.03007406,1
6,183.987121966689,31.9085363995704,17.53483,0.01090806,0.03030538,1
6,183.986378588269,32.054738564855,18.40229,0.01206592,0.03564119,1
6,183.864818363863,31.8687432314951,20.02288,0.0210528,0.03175747,1
6,183.863962997973,31.895761613303,22.0005,0.09056902,0.0316341,1
6,183.985306075079,31.9295918632042,22.44809,0.1327993,0.03119358,1
6,183.985830414763,32.0114681712027,22.42468,0.1305199,0.03539217,1
6,183.987046107552,32.0677021667182,22.73413,0.1856885,0.03561992,1
6,183.863100037048,31.9351214152082,22.41985,0.1294153,0.03094303,1
6,184.104028850688,32.056574351774,17.77417,0.01586947,0.03404412,1
6,184.105687556167,31.9099104405352,20.63041,0.03328327,0.033469,1
6,184.218917794443,32.0499556987947,19.53152,0.02301117,0.03206256,1
6,184.217954608776,32.0346567576256,20.34862,0.03028392,0.03255802,1
6,184.218934259715,31.9976542035146,21.97053,0.092185,0.03421628,1
6,183.754476970091,31.7637983656933,22.47058,0.1635606,0.03778096,1
6,183.755458328544,31.8550803682109,22.3271,0.1428536,0.03528573,1
6,183.986185069598,31.7738600153975,22.22351,0.1290609,0.03644507,1
6,183.985518861836,31.8596598025278,21.64891,0.08120867,0.03031929,1
6,183.9844593811,31.7872162547808,22.31983,0.1402451,0.0352965,1
6,183.985108829928,31.7836277702194,21.74622,0.08712929,0.03561282,1
6,183.984999190074,31.8278032746522,22.5879,0.1768132,0.03207973,1
6,184.104451991948,31.8155697432559,15.87527,0.01921226,0.0359006,1
6,184.106335217435,31.8476918160795,15.95364,0.01922254,0.03430856,1
6,183.754278955598,32.1533534964918,22.87159,0.2320998,0.02809321,1
6,183.75509268359,32.2313689043235,21.39149,0.06747883,0.02735397,1
6,183.986719487614,32.2172550682786,18.04178,0.01512765,0.03408866,1
6,184.219030939653,32.2002717541358,19.79476,0.02296086,0.03155548,1
6,184.104679513631,32.0808557446882,21.14593,0.05644109,0.03312604,1
6,184.105781836526,32.1669944151877,22.35664,0.1424608,0.03223515,1
6,184.219544580837,31.9521770751827,19.46246,0.02294659,0.03566448,1
6,184.220515685498,31.9250534630796,22.35001,0.1273998,0.03630437,1
6,184.219763123747,32.1312988040823,21.38612,0.06309476,0.03018397,1
6,184.221499388843,32.1876671924894,21.88979,0.09680124,0.03119536,1
6,183.772184394483,31.9486362733173,16.53295,0.01176384,0.03061145,1
6,183.772606925162,32.0280696935446,22.39289,0.1265675,0.02935496,1
6,183.997415943424,31.9470087163789,22.90026,0.1962091,0.03251072,1
6,183.996020569998,31.9478556112024,23.17607,0.2457531,0.03252571,1
6,183.880550442465,32.0360618550792,21.96769,0.08887637,0.02905902,1
6,183.881555907715,32.029056886254,22.50266,0.1401714,0.02889781,1
6,183.996407234822,31.9532503023077,22.59537,0.1508595,0.03289119,1
6,183.997484174527,31.9031512701438,21.24942,0.04889086,0.03025609,1
6,183.997896174517,32.0366691702228,22.60604,0.1524085,0.03658919,1
6,183.996386873312,32.0020162994001,22.95688,0.2049259,0.03534797,1
6,184.115191367177,32.07156198763,20.07513,0.02433433,0.03292833,1
6,183.771258573531,31.8475521156365,16.25781,0.02324562,0.03552426,1
6,183.77169234542,31.8329197404314,20.80544,0.04482342,0.03583376,1
6,183.881586499844,31.7571481276847,21.49213,0.07157706,0.03629025,1
6,183.881843369409,31.8316244806696,20.28502,0.03407482,0.03225144,1
6,183.771446401953,31.7931909384803,22.73326,0.2052624,0.03691161,1
6,183.883025675296,31.7736260693453,22.57717,0.176408,0.03514578,1
6,183.995057009994,31.8080461919313,22.69929,0.2097167,0.03379716,1
6,183.996466923229,31.7685405524865,19.07614,0.02635875,0.03683953,1
6,183.994818635422,31.8480410985064,22.39159,0.149812,0.03097407,1
6,183.995354205624,31.8600219577559,20.68324,0.04196901,0.03046485,1
6,183.99752487945,31.805261805135,20.56918,0.03945399,0.0340836,1
6,184.114717760093,31.8131348403152,22.22489,0.1639348,0.03642764,1
6,184.115270865326,31.8097306317327,21.25284,0.05824656,0.03657698,1
6,183.771218857008,32.1042185958459,16.87995,0.01725009,0.02963949,1
6,183.771282216893,32.1976165610607,19.28585,0.02066703,0.02730701,1
6,183.883171950318,32.2249617906901,22.19168,0.1258276,0.03135275,1
6,183.994782858525,32.1377467050435,15.58936,0.01421047,0.03396817,1
6,183.997403715162,32.1535035662387,21.31874,0.08837305,0.03370926,1
6,183.998095105754,32.2421183515388,22.05048,0.1113856,0.03503829,1
6,184.114427876904,32.1421599043996,21.1953,0.05365421,0.03160776,1
6,184.114228974766,32.0838676995425,22.21788,0.1257094,0.03253889,1
6,184.227022245786,31.9698033616057,19.15083,0.02155745,0.03532069,1
6,184.2276118883,31.8832139280172,19.76228,0.02456119,0.03707536,1
6,184.226752583909,31.964309394229,22.37484,0.1295763,0.03544081,1
6,184.227197763991,31.8413038376484,15.48658,0.01919036,0.03754681,1
6,184.227506106294,31.822001903507,17.81368,0.01973334,0.03772094,1
6,184.227391080071,31.767013404074,20.47942,0.03500484,0.03762393,1
6,184.225568728978,32.1673478297397,21.74576,0.08547958,0.0307454,1
6,184.226844636317,32.1165557887864,21.13153,0.05135963,0.03051694,1
6,184.226992182881,32.0883998467338,22.56002,0.1698221,0.03095282,1
6,184.227606842227,32.2316699938159,21.32719,0.06115884,0.03265258,1
6,183.788438713225,31.9824023809912,18.89909,0.01433893,0.02955882,1
6,183.788090448088,32.0420340974707,22.28817,0.1388864,0.02932859,1
6,183.903954079378,31.9043723461418,17.62166,0.01097682,0.03028276,1
6,183.901784783727,32.0238970306687,22.85178,0.1885949,0.02968798,1
6,184.142429782878,31.9411414282998,19.77898,0.02190456,0.03534681,1
6,184.023396132006,31.9964009164236,20.42253,0.02901383,0.03621593,1
6,184.141262407374,31.8862263469443,22.64645,0.1625135,0.03442841,1
6,184.140956578802,31.9657895158492,22.40014,0.1300417,0.03553622,1
6,184.02450728577,32.0010878174038,22.88512,0.192519,0.03648734,1
6,184.139365359278,32.0049549555846,22.38171,0.1271326,0.03390645,1
6,184.140832336743,31.9554389466635,22.7966,0.1826456,0.03581569,1
6,184.139918095605,32.0769171086736,22.8078,0.1799428,0.03165065,1
6,183.788970514921,31.7717114426204,20.49748,0.03782982,0.03711682,1
6,184.023497722579,31.7878140140797,18.78925,0.02573144,0.03578897,1
6,184.025990731562,31.7791664473563,20.76056,0.04481432,0.03639387,1
6,184.026413362468,31.7502978575213,22.35,0.1442454,0.03809044,1
6,184.14153514187,31.8154172814146,22.69746,0.194372,0.03686705,1
6,183.903902994993,32.1043295970801,13.81735,0.01703525,0.03220791,1
6,183.903690803325,32.1069880887767,22.89516,0.2525312,0.03230964,1
6,183.790925426959,32.2326109314733,20.06666,0.02698943,0.02746799,1
6,184.026526079559,32.2409343108216,18.5614,0.01593718,0.03562406,1
6,184.140966936904,32.2039855608296,14.52494,0.01449263,0.03255828,1
6,184.236177056666,32.2331720138025,15.46815,0.01454028,0.03266403,1
6,184.141147975021,32.1465249883559,17.72839,0.01514204,0.03101892,1
6,184.141284510651,32.1062220382502,22.52691,0.165182,0.03091601,1
6,184.238902956163,31.9041941037903,17.54225,0.01934105,0.03681724,1
6,184.239056412589,31.9157800218914,20.5911,0.03462448,0.03661294,1
6,184.23910973228,31.9806610498367,20.34322,0.03063069,0.03544856,1
6,184.238909202819,32.0154025592912,21.45057,0.0605954,0.03412545,1
6,184.239239150991,31.9965514612197,21.48838,0.06258678,0.03496107,1
6,184.237297205851,31.8888902264904,22.73327,0.1764032,0.03711059,1
6,184.23717608496,31.7907627525707,18.60367,0.02063138,0.03778619,1
6,184.236662184411,31.759065551638,22.77298,0.2095401,0.03770134,1
6,184.238721692823,32.2323573521281,21.92124,0.1160607,0.03263332,1
6,184.239616915248,32.1156082335233,20.27583,0.02836947,0.03081658,1
6,184.239483589599,32.2196457094218,22.86659,0.2255176,0.03230992,1
6,183.793229478062,31.8977066322286,19.96509,0.02190126,0.03314885,1
6,183.794351790676,31.8726670690938,22.81209,0.181381,0.03415474,1
6,183.79488216793,32.0598325832579,22.58549,0.1486577,0.02962212,1
6,184.027859746056,32.0595779152689,19.25843,0.01867979,0.03680309,1
6,184.142783200084,31.9462486108792,20.92035,0.04023551,0.03551551,1
6,184.144674719767,32.014587762108,22.89917,0.1968914,0.03335923,1
6,184.145949193985,31.9870291789159,22.80561,0.1830078,0.03466827,1
6,184.240471251291,31.9857337881868,15.86497,0.01896587,0.03535884,1
6,184.240056542677,32.0189580677424,20.58443,0.03418004,0.034013,1
6,184.24043811234,32.0087477903385,21.02064,0.04458442,0.03448081,1
6,184.241293710547,32.0611642377658,20.85939,0.03975291,0.03230657,1
6,184.241531417893,31.8837271328595,22.66387,0.166311,0.03727819,1
6,183.794117295476,31.7789442686177,17.79799,0.02363897,0.03676813,1
6,183.90770868082,31.8381935294044,20.39295,0.0356314,0.03130998,1
6,183.791930020456,31.7570735489287,21.50374,0.07312305,0.0374976,1
6,183.794939010262,31.7937667967271,20.43709,0.03675838,0.03633808,1
6,184.026828610474,31.7786395140728,22.02176,0.1058737,0.03643786,1
6,184.027166364809,31.8330694444173,22.78548,0.2195898,0.0323839,1
6,184.027273804714,31.816561871163,21.76546,0.08878938,0.03366775,1
6,184.144515730061,31.8574334696035,20.07158,0.028353,0.03504286,1
6,184.242833733057,31.7669037959253,21.59073,0.07689688,0.03768777,1
6,184.242895541708,31.7964431705123,22.06387,0.113838,0.0379753,1
6,184.143358669208,31.8315948494269,22.68239,0.1914602,0.03634322,1
6,183.906935096063,32.2148078159674,16.01761,0.01712905,0.03261372,1
6,183.79301694697,32.1125517823382,21.76115,0.08586062,0.02971234,1
6,183.791976608902,32.1345167671995,20.06393,0.02669881,0.02952865,1
6,184.029576948698,32.1042303582323,21.52729,0.06927608,0.03493913,1
6,184.144175978302,32.1770506021678,17.82863,0.01520142,0.03174917,1
6,184.241494482529,32.167480773485,19.39717,0.01927887,0.03084694,1
6,184.145549413076,32.1147871183168,22.09289,0.1137328,0.03072132,1
6,184.145550568292,32.1804164760272,22.55097,0.16955,0.03180586,1
6,184.143155417789,32.2351653163705,21.73692,0.08433921,0.0335547,1
6,184.145357989266,32.1435088101306,22.19637,0.124612,0.0308565,1
6,184.241021791918,32.1587174562274,22.71046,0.1963845,0.0307162,1
6,184.240732213279,32.1927340292061,22.6953,0.194693,0.03148405,1
6,184.243099288397,31.9353913279888,17.9809,0.01960516,0.03646542,1
6,183.795260968203,31.9713599164726,21.93306,0.08595263,0.02980203,1
6,183.797643799802,31.8806656444074,21.15924,0.04580106,0.03381136,1
6,183.796768948977,32.0360243820456,20.16151,0.02339378,0.02914383,1
6,183.795821522074,32.0072131362397,22.48494,0.1370595,0.02906591,1
6,183.909555999561,32.0136081874602,21.78301,0.07587776,0.03005919,1
6,184.032904205412,31.8977928376951,14.46829,0.01520053,0.03097076,1
6,184.148716139451,31.9534443985836,16.78657,0.01544038,0.0357869,1
6,184.032120828268,31.9611502540899,20.34743,0.03298331,0.03471477,1
6,184.14887243045,32.051611271343,21.2847,0.05150644,0.03205922,1
6,184.033072564073,32.0050109982499,22.43557,0.1315681,0.03695265,1
6,184.148388652982,32.034060039012,22.90584,0.1974318,0.0325338,1
6,183.910087392102,31.750031099731,23.02401,0.2669263,0.03705559,1
6,183.798281134156,31.825335786269,19.96417,0.03037824,0.03539278,1
6,183.908733015682,31.760793219587,21.93217,0.103519,0.03624492,1
6,183.911648630913,31.7980174333606,21.4126,0.06722548,0.03352448,1
6,184.032903727612,31.8476723111343,21.68105,0.08575726,0.03169049,1
6,184.030956897559,31.7966105753958,21.88894,0.09805089,0.03525881,1
6,183.796842084522,32.178012710705,18.3577,0.01820812,0.02855269,1
6,183.797926819736,32.1688396309322,19.62997,0.02264315,0.0289563,1
6,183.797656149852,32.0834964333848,21.44691,0.06647234,0.02992731,1
6,183.910324297033,32.0990345766119,22.78827,0.2108019,0.03211941,1
6,184.03168935633,32.1586643062415,21.68797,0.08038269,0.03322731,1
6,184.032577285342,32.1521605624711,20.62717,0.03542283,0.03325484,1
6,184.031882737611,32.1510574493973,22.64362,0.3227328,0.03326681,1
6,184.031987392278,32.1925649286914,22.09001,0.1047753,0.03341975,1
6,183.911788890897,32.105032228205,22.40001,0.1475529,0.03241813,1
6,184.148799983917,32.1906273915851,21.64169,0.07778885,0.0319731,1
6,184.24555148654,32.0751324090103,17.69523,0.01939956,0.0318296,1
6,184.246799550788,32.020727839421,18.49517,0.02012538,0.03417846,1
6,184.243470374902,31.9135302691555,20.8371,0.04056975,0.03674866,1
6,184.244827091156,32.0030938066575,20.43976,0.03177169,0.03491069,1
6,184.24418229159,31.9014015522167,22.62021,0.1603328,0.03696997,1
6,184.243521330144,31.777961982215,21.67174,0.08148192,0.03772668,1
6,184.243479752584,32.1261984858054,18.19376,0.01560452,0.03079168,1
6,184.243405299975,32.2451248858915,19.27576,0.01862819,0.03289997,1
6,184.245118984896,32.2222480593912,22.61141,0.1813652,0.0324192,1